H        -0.0498    0.800    0.000     0.00    0.0   3.5   0.800 
HC       -0.0498    0.600    0.000     0.00    0.0   3.5   0.600
CR       -0.1200    2.100   -0.890    -1.40    8.3   3.5   2.100 
C        -0.1200    2.100    0.000     0.00   14.7   3.5   2.100
CH1E     -0.0486    2.365   -0.187    -0.25   23.7   3.5   2.365
CH2E     -0.1142    2.235    0.372     0.52   22.4   3.5   2.235
CH3E     -0.1811    2.165    1.089     1.50   30.0   3.5   2.165
CR1E     -0.1200    2.100    0.057     0.08   18.4   3.5   2.100
N        -0.2384    1.600   -1.000    -1.55    0.0   3.5   1.600 
NR       -0.2384    1.600   -3.820    -4.00    4.4   3.5   1.600      
NH1      -0.2384    1.600   -5.950    -8.90    4.4   3.5   1.600  
NH2      -0.2384    1.600   -5.450    -7.80   11.2   3.5   1.600   
NH3      -0.2384    1.600  -20.000   -20.00   11.2   6.0   1.600   
NC2      -0.2384    1.600  -10.000   -10.00   11.2   6.0   1.600
O        -0.1591    1.600   -5.330    -5.85   10.8   3.5   1.600
OC       -0.6469    1.600  -10.000   -10.00   10.8   6.0   1.600 
OH1      -0.1591    1.600   -5.920    -6.70   10.8   3.5   1.600
S        -0.0430    1.890   -3.240    -4.10   14.7   3.5   1.890
SH1E     -0.0430    1.890   -2.050    -2.70   21.4   3.5   1.890
